0.68
0.94
1.44
1.61
4.52
4.61
4.76
4.82
5.02
5.26
5.47
5.74
5.87
5.97
6.64
8.42
8.66
9.11
9.39
9.54
9.62
11.77
12.10
12.25
12.40
12.69
12.81
12.99
14.28
14.44
14.57
16.03
16.23
16.30
16.65
16.82
17.11
17.28
17.45
17.91
18.10
18.25
18.51
18.54
18.67
19.17
19.49
20.42
20.89
21.12
21.37
21.86
22.30
22.81
23.30
23.79
23.95
24.13
24.97
25.51
25.69
26.16
26.26
26.40
26.62
27.12
27.85
28.08
28.51
28.80
28.91
29.52
30.01
30.45
30.98
31.01
34.09
34.31
35.58
36.48
36.54
36.77
37.78
37.88
38.16
38.61
39.51
39.60
40.32
40.58
41.64
41.77
41.92
42.21
42.64
43.37
44.03
44.33
44.41
45.57
45.84
46.09
46.29
46.76
47.21
47.61
48.00
48.20
49.33
49.56
49.83
50.89
51.10
51.32
51.43
51.58
51.78
51.85
52.07
52.81
53.53
53.74
54.04
54.95
55.39
55.62
55.67
55.91
56.85
57.07
57.38
57.60
58.79
59.35
59.72
60.89
60.98
61.21
61.45
62.59
63.12
65.24
65.53
71.25
73.92
74.11
74.19
74.30
74.79
77.42
77.58
77.95
78.25
78.54
78.97
79.26
79.62
81.01
81.11
81.35
81.61
81.85
82.09
82.34
84.99
85.19
85.32
85.46
85.94
86.22
86.41
86.63
87.25
87.43
87.74
88.74
89.29
89.54
90.02
90.96
91.20
91.46
92.16
92.42
92.88
93.12
93.37
93.86
94.10
94.34
94.56
95.04
95.21
95.28
95.70
96.27
96.73
96.78
97.22
97.43
97.78
98.65
98.84
99.13
99.32
99.86
101.98
102.46
102.62
102.96
103.93
106.63
107.07
107.53
108.02
109.45
109.64
110.62
110.77
111.07
111.39
112.56
113.53
114.50
114.57
114.97
115.66
116.39
117.11
118.26
118.34
118.57
118.80
119.01
119.30
119.71
120.01
120.26
120.71
120.99
121.14
122.18
122.26
122.39
122.82
123.84
124.08
124.75
125.70
126.00
126.22
126.48
127.93
128.41
129.66
129.99
130.33
130.58
131.07
132.48
132.69
132.75
133.60
133.82
134.14
134.42
137.73
138.43
139.19
140.18
142.28
142.65
143.06
143.52
145.91
146.98
147.34
147.39
147.61
147.85
151.66
151.93
152.17
152.64
153.37
153.61
154.34
154.55
155.98
156.48
158.84
161.52
162.74
163.47
165.13
165.35
166.37
166.58
166.82
167.03
168.24
169.94
170.12
170.38
171.62
171.83
172.08
173.02
174.46
174.66
175.91
176.18
176.31
176.43
176.60
176.66
177.62
178.09
178.33
178.82
179.76
180.22
180.48
181.44
181.70
182.39
184.32
184.55
186.26
187.95
197.75
198.64
199.38
199.49
201.97
202.22
202.44
202.75
202.79
203.04
203.20
203.51
203.67
204.42
205.09
206.15
206.31
206.52
206.82
209.70
209.76
210.01
210.05
210.20
210.50
210.74
211.10
211.17
211.38
212.51
212.96
213.01
213.26
213.96
